Processing and Filtering corners for the Base images .....................................
Array of Image Paths:
 ['hw8images/Dataset1/Pic_11.jpg' 'hw8images/Dataset1/Pic_27.jpg'
 'hw8images/Dataset1/Pic_37.jpg' 'hw8images/Dataset1/Pic_25.jpg'
 'hw8images/Dataset1/Pic_19.jpg' 'hw8images/Dataset1/Pic_14.jpg'
 'hw8images/Dataset1/Pic_29.jpg' 'hw8images/Dataset1/Pic_8.jpg'
 'hw8images/Dataset1/Pic_21.jpg' 'hw8images/Dataset1/Pic_18.jpg'
 'hw8images/Dataset1/Pic_6.jpg' 'hw8images/Dataset1/Pic_5.jpg'
 'hw8images/Dataset1/Pic_33.jpg' 'hw8images/Dataset1/Pic_24.jpg'
 'hw8images/Dataset1/Pic_22.jpg' 'hw8images/Dataset1/Pic_10.jpg'
 'hw8images/Dataset1/Pic_34.jpg' 'hw8images/Dataset1/Pic_4.jpg'
 'hw8images/Dataset1/Pic_39.jpg' 'hw8images/Dataset1/Pic_32.jpg'
 'hw8images/Dataset1/Pic_28.jpg' 'hw8images/Dataset1/Pic_13.jpg'
 'hw8images/Dataset1/Pic_16.jpg' 'hw8images/Dataset1/Pic_30.jpg'
 'hw8images/Dataset1/Pic_9.jpg' 'hw8images/Dataset1/Pic_15.jpg'
 'hw8images/Dataset1/Pic_2.jpg' 'hw8images/Dataset1/Pic_26.jpg'
 'hw8images/Dataset1/Pic_31.jpg' 'hw8images/Dataset1/Pic_23.jpg'
 'hw8images/Dataset1/Pic_20.jpg' 'hw8images/Dataset1/Pic_3.jpg'
 'hw8images/Dataset1/Pic_12.jpg' 'hw8images/Dataset1/Pic_40.jpg'
 'hw8images/Dataset1/Pic_7.jpg' 'hw8images/Dataset1/Pic_17.jpg'
 'hw8images/Dataset1/Pic_38.jpg' 'hw8images/Dataset1/Pic_35.jpg'
 'hw8images/Dataset1/Pic_1.jpg' 'hw8images/Dataset1/Pic_36.jpg']
Base Image Index:  0
................................................................................................
Processing Corners to Project from GT to Img.............
Values of corner projection (max, mean, var) error without LM and RD:  16.6514432306399 2.571270012060294 3.481458157620352
................................................................................................
Values of corner projection (max, mean, var) error with LM and without RD:  4.9401714112215895 1.1587509775726827 0.46300094470374703
................................................................................................
Values of corner projection (max, mean, var) error with LM and RD:  4.928256051111577 1.151639452225814 0.4596459632516219
................................................................................................
Parameters before LM and RD ....................................................................
Intrinsic Camera parameters before LM and RD:
 [[716.74117102   1.73373556 355.95663257]
 [  0.         710.24739374 190.57238053]
 [  0.           0.           1.        ]]
Rotation matrix before LM and RD:
 [[[ 9.99999262e-01 -1.21496018e-03 -6.20119683e-14]
  [ 1.21496018e-03  9.99999262e-01 -1.13395740e-13]
  [ 6.21496939e-14  1.13320314e-13  1.00000000e+00]]

 [[ 9.84276871e-01  6.35732842e-02  1.64795264e-01]
  [-1.20658058e-01  9.23374646e-01  3.64446012e-01]
  [-1.28998739e-01 -3.78599656e-01  9.16526937e-01]]

 [[ 9.82841246e-01  8.49215512e-03 -1.84257885e-01]
  [-2.16862079e-03  9.99402574e-01  3.44933500e-02]
  [ 1.84440728e-01 -3.35019016e-02  9.82272488e-01]]

 [[ 9.30233367e-01 -3.04575219e-01 -2.04694454e-01]
  [ 2.96358778e-01  9.52475896e-01 -7.04353761e-02]
  [ 2.16419404e-01  4.85833861e-03  9.76288399e-01]]

 [[ 8.90878326e-01  1.15880600e-01  4.39212358e-01]
  [-1.11196104e-01  9.93128737e-01 -3.64792900e-02]
  [-4.40421656e-01 -1.63400943e-02  8.97642337e-01]]

 [[ 9.45330931e-01 -1.28027670e-01 -2.99930571e-01]
  [ 1.22559830e-01  9.91769089e-01 -3.70561997e-02]
  [ 3.02206088e-01 -1.72906807e-03  9.53241046e-01]]

 [[ 9.93429757e-01  9.50882593e-02  6.36831279e-02]
  [-9.36438384e-02  9.95284218e-01 -2.53013345e-02]
  [-6.57886720e-02  1.91715661e-02  9.97649388e-01]]

 [[ 9.02156667e-01 -5.49431532e-02  4.27895546e-01]
  [-2.12353918e-01  8.06818730e-01  5.51316017e-01]
  [-3.75525181e-01 -5.88238716e-01  7.16209502e-01]]

 [[ 8.13657707e-01 -1.65984489e-01  5.57144762e-01]
  [ 1.21662930e-01  9.85769464e-01  1.16002993e-01]
  [-5.68470991e-01 -2.66028646e-02  8.22273081e-01]]

 [[ 8.97333939e-01  2.67984212e-02 -4.40537906e-01]
  [-3.59702064e-02  9.99274923e-01 -1.24808708e-02]
  [ 4.39884015e-01  2.70457484e-02  8.97647248e-01]]

 [[ 9.84117989e-01  1.46325306e-01 -1.00502178e-01]
  [-1.42622795e-01  9.88837146e-01  4.31258326e-02]
  [ 1.05690688e-01 -2.81070061e-02  9.94001748e-01]]

 [[ 9.88155178e-01 -1.48719133e-01 -3.78412904e-02]
  [ 1.48247891e-01  9.88836711e-01 -1.49840658e-02]
  [ 3.96472744e-02  9.19669067e-03  9.99171414e-01]]

 [[ 9.71882731e-01 -1.61100121e-01 -1.71728590e-01]
  [ 1.59705174e-01  9.86919563e-01 -2.20007678e-02]
  [ 1.73026631e-01 -6.04377803e-03  9.84898603e-01]]

 [[ 9.42710886e-01 -2.57360585e-01 -2.12277449e-01]
  [ 2.47798898e-01  9.66209839e-01 -7.09524765e-02]
  [ 2.23364930e-01  1.42855542e-02  9.74630202e-01]]

 [[ 9.81347623e-01  7.36475912e-03  1.92100503e-01]
  [-1.20595064e-02  9.99656217e-01  2.32812545e-02]
  [-1.91863002e-01 -2.51636410e-02  9.81099067e-01]]

 [[ 7.13891854e-01  2.19085710e-01 -6.65101400e-01]
  [ 1.80015216e-01  8.60460141e-01  4.76658021e-01]
  [ 6.76722205e-01 -4.60010650e-01  5.74836724e-01]]

 [[ 9.18536612e-01 -1.19462111e-01 -3.76854475e-01]
  [ 9.67326959e-02  9.92190255e-01 -7.87482227e-02]
  [ 3.83318767e-01  3.58789764e-02  9.22918968e-01]]

 [[ 8.13729658e-01  4.38433538e-01 -3.81601986e-01]
  [-3.99533384e-01  8.98746912e-01  1.80629627e-01]
  [ 4.22157693e-01  5.47904853e-03  9.06505853e-01]]

 [[ 9.22108828e-01 -1.49241672e-02  3.86642700e-01]
  [ 6.63273157e-02  9.90561834e-01 -1.19949744e-01]
  [-3.81203352e-01  1.36251690e-01  9.14395692e-01]]

 [[ 9.67019718e-01 -2.44111473e-01 -7.26804892e-02]
  [ 2.41260577e-01  9.69376757e-01 -4.58479772e-02]
  [ 8.16467942e-02  2.68009612e-02  9.96300913e-01]]

 [[ 9.96747089e-01 -2.16581869e-03 -8.05639436e-02]
  [ 1.04812746e-03  9.99902660e-01 -1.39130463e-02]
  [ 8.05862346e-02  1.37833471e-02  9.96652336e-01]]

 [[ 9.99797590e-01  1.92264525e-02  5.92645961e-03]
  [-1.92750266e-02  9.99780173e-01  8.25098535e-03]
  [-5.76651963e-03 -8.36354793e-03  9.99948398e-01]]

 [[ 8.83404233e-01  7.66008263e-04  4.68611112e-01]
  [-1.23757746e-02  9.99688011e-01  2.16961189e-02]
  [-4.68448291e-01 -2.49658687e-02  8.83138100e-01]]

 [[ 9.91787089e-01  1.20309053e-01  4.34062322e-02]
  [-1.20144594e-01  9.92735855e-01 -6.38742547e-03]
  [-4.38593881e-02  1.11994198e-03  9.99037086e-01]]

 [[ 9.02156667e-01 -5.49431532e-02  4.27895546e-01]
  [-2.12353918e-01  8.06818730e-01  5.51316017e-01]
  [-3.75525181e-01 -5.88238716e-01  7.16209502e-01]]

 [[ 9.22440572e-01  1.84435186e-01  3.39244828e-01]
  [-1.94539427e-01  9.80885275e-01 -4.29983975e-03]
  [-3.33553298e-01 -6.20301476e-02  9.40688290e-01]]

 [[ 8.03736389e-01 -3.89550787e-02 -5.93708952e-01]
  [ 2.13178521e-02  9.99099113e-01 -3.66948334e-02]
  [ 5.94603537e-01  1.68363733e-02  8.03842752e-01]]

 [[ 9.99305956e-01  1.17063308e-02 -3.53633640e-02]
  [ 4.35263325e-03  9.06139341e-01  4.22956912e-01]
  [ 3.69954089e-02 -4.22817285e-01  9.05459487e-01]]

 [[ 9.83507454e-01  1.61835648e-01  8.07608266e-02]
  [-1.62041010e-01  9.86775720e-01 -4.04833620e-03]
  [-8.03479880e-02 -9.10499709e-03  9.96725288e-01]]

 [[ 9.67471951e-01 -1.60660684e-01 -1.95412817e-01]
  [ 1.57066535e-01  9.87007545e-01 -3.38557121e-02]
  [ 1.98313207e-01  2.06163767e-03  9.80136532e-01]]

 [[ 8.27829734e-01  1.26392029e-02  5.60837037e-01]
  [-2.81838798e-02  9.99420684e-01  1.90778644e-02]
  [-5.60271006e-01 -3.15997871e-02  8.27706381e-01]]

 [[ 8.52778590e-01  1.73439157e-01 -4.92633267e-01]
  [-1.73254755e-01  9.83781501e-01  4.64408118e-02]
  [ 4.92698150e-01  4.57473256e-02  8.68996959e-01]]

 [[ 8.56172626e-01  2.50498438e-01 -4.51905926e-01]
  [ 9.28297604e-03  8.67018658e-01  4.98189195e-01]
  [ 5.16606485e-01 -4.30730983e-01  7.39992270e-01]]

 [[ 8.59983572e-01 -1.17985070e-03  5.10320355e-01]
  [ 1.30596595e-02  9.99720706e-01 -1.96965912e-02]
  [-5.10154586e-01  2.36033549e-02  8.59758792e-01]]

 [[ 9.98787224e-01  4.35768744e-02  2.29158852e-02]
  [-4.86912163e-02  8.05261162e-01  5.90917614e-01]
  [ 7.29707031e-03 -5.91316765e-01  8.06406372e-01]]

 [[ 8.62207700e-01  1.99084214e-01 -4.65793257e-01]
  [-1.84394165e-01  9.79796017e-01  7.74503507e-02]
  [ 4.71801521e-01  1.91112700e-02  8.81497637e-01]]

 [[ 9.60043128e-01 -9.38794207e-02  2.63635821e-01]
  [ 8.41397899e-02  9.95296186e-01  4.80207973e-02]
  [-2.66903891e-01 -2.39197739e-02  9.63426259e-01]]

 [[ 9.30582706e-01 -7.74137765e-02 -3.57802928e-01]
  [ 6.81625869e-02  9.96934319e-01 -3.84164715e-02]
  [ 3.59679982e-01  1.13609308e-02  9.33006559e-01]]

 [[ 8.23495672e-01 -1.73493199e-01  5.40143488e-01]
  [ 1.53830452e-01  9.84708921e-01  8.17589965e-02]
  [-5.46068741e-01  1.57623371e-02  8.37592072e-01]]

 [[ 9.80099830e-01  9.45273829e-02 -1.74553420e-01]
  [-9.11937807e-02  9.95466009e-01  2.70392160e-02]
  [ 1.76317943e-01 -1.05829447e-02  9.84276376e-01]]]
Translation matrix before LM and RD:
 [[-355.49143957 -192.31477987  716.74117102]
 [-377.98508336 -170.12776861  692.74482789]
 [-328.08160735 -171.96003138  723.38923603]
 [-254.10680859 -299.52522064  588.47994361]
 [-381.69748718 -175.23142203  726.21148902]
 [-307.76031934 -260.30774331  512.34494277]
 [-374.68644937 -194.24065587  554.55708101]
 [-297.86801138 -109.98611281  949.45256183]
 [-321.78311431 -267.479005    797.50885454]
 [-296.87021258 -209.84844539  461.23533995]
 [-385.04003205 -128.68631388  850.62540912]
 [-301.52469569 -246.28130909  704.08657225]
 [-299.96546613 -226.63371768  711.30781526]
 [-255.27096826 -284.24076783  541.36710526]
 [-350.27762429 -189.42595396  742.46887392]
 [-306.74829029 -234.95061437  634.90396395]
 [-308.95015112 -252.59170595  449.37070948]
 [-367.49936765  -29.38426428  669.4299889 ]
 [-294.23310595 -221.44480532  781.5569681 ]
 [-275.66499424 -287.90502521  581.66122811]
 [-347.36217209 -212.36246724  509.96745067]
 [-364.73729111 -196.70066156  576.36000975]
 [-348.22773861 -211.60739139  740.61799241]
 [-380.81529876 -169.55335625  614.89802371]
 [-297.86801138 -109.98611281  949.45256183]
 [-398.53276303 -144.20212822  730.03386923]
 [-252.20106706 -195.75479138  547.46067078]
 [-369.29601752 -215.8787623   678.47752241]
 [-390.23438674 -145.10222449  639.85845126]
 [-302.42778729 -263.64667412  530.92680841]
 [-343.11630477 -209.01396363  786.08784762]
 [-316.84486072 -131.98149366  574.1718972 ]
 [-333.7320071  -202.18215351  662.95795183]
 [-289.70841837 -205.22322965  880.13553535]
 [-373.46818355 -186.06123689  845.50594669]
 [-364.48220087 -169.09635813  506.92924673]
 [-330.02954203 -237.67119863  863.31556532]
 [-312.77358967 -202.03621191  641.2028643 ]
 [-257.64677388 -255.10424394  871.30545061]
 [-351.17439384 -167.67217284  648.96529085]]
................................................................................................
Parameters with LM and without RD ....................................................................
Intrinsic Camera parameters with LM and without RD:
 [[712.13681405   1.51893085 357.85445267]
 [  0.         705.91944661 196.57535901]
 [  0.           0.           1.        ]]
Rotation matrix before with LM and without RD:
 [[[ 9.99999149e-01 -1.30428333e-03 -6.20069032e-14]
  [ 1.30428333e-03  9.99999149e-01 -1.13398508e-13]
  [ 6.21547543e-14  1.13317537e-13  1.00000000e+00]]

 [[ 9.84759205e-01  6.44328744e-02  1.61547865e-01]
  [-1.19487089e-01  9.25579235e-01  3.59201776e-01]
  [-1.26380946e-01 -3.73030140e-01  9.19171568e-01]]

 [[ 9.86934097e-01  8.59267117e-03 -1.60895163e-01]
  [-5.68313041e-03  9.99812061e-01  1.85349332e-02]
  [ 1.61024189e-01 -1.73783694e-02  9.86797448e-01]]

 [[ 9.33011280e-01 -3.02394752e-01 -1.95057340e-01]
  [ 2.95722295e-01  9.53181934e-01 -6.31864367e-02]
  [ 2.05032379e-01  1.27085396e-03  9.78754366e-01]]

 [[ 8.94860044e-01  1.14639199e-01  4.31373801e-01]
  [-1.09362540e-01  9.93308983e-01 -3.71092975e-02]
  [-4.32741651e-01 -1.39685069e-02  9.01409754e-01]]

 [[ 9.39071054e-01 -1.26544110e-01 -3.19581199e-01]
  [ 1.21321725e-01  9.91949852e-01 -3.62840221e-02]
  [ 3.21600052e-01 -4.69886747e-03  9.46863943e-01]]

 [[ 9.94125782e-01  9.43517820e-02  5.30251907e-02]
  [-9.30665760e-02  9.95314822e-01 -2.62110224e-02]
  [-5.52498149e-02  2.11221802e-02  9.98249123e-01]]

 [[ 9.06353994e-01 -5.15161741e-02  4.19366810e-01]
  [-2.07643902e-01  8.10103761e-01  5.48284512e-01]
  [-3.67976150e-01 -5.84018818e-01  7.23543760e-01]]

 [[ 8.17861763e-01 -1.68027923e-01  5.50335128e-01]
  [ 1.23264069e-01  9.85373050e-01  1.17668698e-01]
  [-5.62057030e-01 -2.84001818e-02  8.26610745e-01]]

 [[ 8.98276329e-01  2.85112625e-02 -4.38505126e-01]
  [-3.84600188e-02  9.99164564e-01 -1.38203204e-02]
  [ 4.37744748e-01  2.92793820e-02  8.98622420e-01]]

 [[ 9.83389739e-01  1.45570679e-01 -1.08414934e-01]
  [-1.42722680e-01  9.89191448e-01  3.36231557e-02]
  [ 1.12137671e-01 -1.75913964e-02  9.93536957e-01]]

 [[ 9.87976187e-01 -1.48986031e-01 -4.13063780e-02]
  [ 1.48167845e-01  9.88712460e-01 -2.22252208e-02]
  [ 4.41513781e-02  1.58377119e-02  9.98899306e-01]]

 [[ 9.74073550e-01 -1.58792327e-01 -1.61138812e-01]
  [ 1.58501282e-01  9.87248701e-01 -1.47426459e-02]
  [ 1.61425102e-01 -1.11802868e-02  9.86821634e-01]]

 [[ 9.46189041e-01 -2.54850264e-01 -1.99443331e-01]
  [ 2.47144997e-01  9.66924953e-01 -6.30514558e-02]
  [ 2.08915413e-01  1.03671751e-02  9.77878761e-01]]

 [[ 9.80358368e-01  6.98005305e-03  1.97100862e-01]
  [-1.17483915e-02  9.99665662e-01  2.30334585e-02]
  [-1.96874189e-01 -2.48966618e-02  9.80112601e-01]]

 [[ 7.14003828e-01  2.13162553e-01 -6.66903486e-01]
  [ 1.64862108e-01  8.74555838e-01  4.56040098e-01]
  [ 6.80455008e-01 -4.35561490e-01  5.89293789e-01]]

 [[ 9.17205404e-01 -1.16380025e-01 -3.81037972e-01]
  [ 9.56909052e-02  9.92740126e-01 -7.28717535e-02]
  [ 3.86752501e-01  3.03764976e-02  9.21683119e-01]]

 [[ 8.06907000e-01  4.36052842e-01 -3.98445745e-01]
  [-4.01429852e-01  8.99665175e-01  1.71629386e-01]
  [ 4.33307243e-01  2.14590633e-02  9.00990756e-01]]

 [[ 9.10913426e-01 -1.46841181e-02  4.12336159e-01]
  [ 6.66269015e-02  9.91485592e-01 -1.11880189e-01]
  [-4.07182498e-01  1.29385847e-01  9.04135894e-01]]

 [[ 9.67094368e-01 -2.43756240e-01 -7.28792018e-02]
  [ 2.40657279e-01  9.69383636e-01 -4.87795036e-02]
  [ 8.25382141e-02  2.96354729e-02  9.96147169e-01]]

 [[ 9.96714952e-01 -1.70611059e-03 -8.09715632e-02]
  [ 4.33990439e-04  9.99876249e-01 -1.57257023e-02]
  [ 8.09883727e-02  1.56389017e-02  9.96592348e-01]]

 [[ 9.99818435e-01  1.89903458e-02 -1.56969456e-03]
  [-1.89873749e-02  9.99817944e-01  1.88639195e-03]
  [ 1.60523203e-03 -1.85624507e-03  9.99996989e-01]]

 [[ 8.85422724e-01 -1.44366101e-03  4.64784375e-01]
  [-1.11218600e-02  9.99643030e-01  2.42923253e-02]
  [-4.64653531e-01 -2.66782436e-02  8.85090598e-01]]

 [[ 9.92127309e-01  1.19797772e-01  3.64951505e-02]
  [-1.19663388e-01  9.92797272e-01 -5.85244987e-03]
  [-3.69333963e-02  1.43924199e-03  9.99316693e-01]]

 [[ 9.06353994e-01 -5.15161745e-02  4.19366810e-01]
  [-2.07643902e-01  8.10103761e-01  5.48284512e-01]
  [-3.67976151e-01 -5.84018818e-01  7.23543760e-01]]

 [[ 9.27510642e-01  1.84150406e-01  3.25288544e-01]
  [-1.92368976e-01  9.81297590e-01 -7.01554626e-03]
  [-3.20496780e-01 -5.60684302e-02  9.45588782e-01]]

 [[ 8.05525000e-01 -3.51740263e-02 -5.91516916e-01]
  [ 2.03829943e-02  9.99290696e-01 -3.16644634e-02]
  [ 5.92211118e-01  1.34496310e-02  8.05670590e-01]]

 [[ 9.98904327e-01  1.44385319e-02 -4.45159993e-02]
  [ 5.53043639e-03  9.08132359e-01  4.18646669e-01]
  [ 4.64710628e-02 -4.18434162e-01  9.07057491e-01]]

 [[ 9.84832022e-01  1.60705569e-01  6.54187108e-02]
  [-1.60953429e-01  9.86960865e-01 -1.49829443e-03]
  [-6.48064916e-02 -9.05379747e-03  9.97856777e-01]]

 [[ 9.68120191e-01 -1.59194556e-01 -1.93391803e-01]
  [ 1.55923020e-01  9.87246779e-01 -3.21217791e-02]
  [ 1.96039047e-01  9.43508933e-04  9.80595636e-01]]

 [[ 8.28977504e-01  1.12691564e-02  5.59168404e-01]
  [-2.53317931e-02  9.99527468e-01  1.74109539e-02]
  [-5.58707972e-01 -2.85980274e-02  8.28871253e-01]]

 [[ 8.56710487e-01  1.69284317e-01 -4.87226807e-01]
  [-1.82773763e-01  9.82948657e-01  2.01417330e-02]
  [ 4.82328615e-01  7.17966431e-02  8.73043154e-01]]

 [[ 8.60342661e-01  2.45994502e-01 -4.46427162e-01]
  [-3.62721446e-03  8.78767442e-01  4.77236446e-01]
  [ 5.09703197e-01 -4.08967587e-01  7.56933394e-01]]

 [[ 8.48558144e-01 -6.21374709e-03  5.29065654e-01]
  [ 9.40589000e-03  9.99950180e-01 -3.34175356e-03]
  [-5.29018531e-01  7.81200554e-03  8.48574314e-01]]

 [[ 9.98377310e-01  5.55970259e-02 -1.23173931e-02]
  [-3.88150210e-02  8.22674974e-01  5.67185403e-01]
  [ 4.16670326e-02 -5.65786937e-01  8.23498027e-01]]

 [[ 8.54209710e-01  1.92391922e-01 -4.83022897e-01]
  [-1.91311438e-01  9.80147116e-01  5.20726855e-02]
  [ 4.83451864e-01  4.79268117e-02  8.74057959e-01]]

 [[ 9.51610010e-01 -9.22235249e-02  2.93143669e-01]
  [ 8.49429713e-02  9.95679935e-01  3.74987855e-02]
  [-2.95335540e-01 -1.07837253e-02  9.55332733e-01]]

 [[ 9.27966923e-01 -7.15278071e-02 -3.65733732e-01]
  [ 7.01073497e-02  9.97391472e-01 -1.71816888e-02]
  [ 3.66008674e-01 -9.69658378e-03  9.30560920e-01]]

 [[ 8.18670637e-01 -1.76204386e-01  5.46562350e-01]
  [ 1.52240474e-01  9.84301699e-01  8.92916811e-02]
  [-5.53715836e-01  1.01084339e-02  8.32644337e-01]]

 [[ 9.79196240e-01  9.23463779e-02 -1.80684449e-01]
  [-9.26172359e-02  9.95677492e-01  6.95555609e-03]
  [ 1.80545759e-01  9.92363983e-03  9.83516523e-01]]]
Translation matrix before with LM and without RD:
 [[-357.49229143 -196.80364012  708.32997433]
 [-379.82060886 -176.03836412  687.22620118]
 [-331.85676075 -180.08132022  729.02248103]
 [-256.58534372 -304.98588179  592.44785879]
 [-384.99004808 -182.30581408  722.1995079 ]
 [-307.1584736  -262.15705961  498.52828374]
 [-376.70296345 -200.69972569  549.14444989]
 [-301.40024618 -119.03124213  945.27274544]
 [-325.01849243 -275.22545133  794.53766607]
 [-298.79391913 -214.07906594  459.12101165]
 [-387.5432587  -137.14822231  841.02601519]
 [-303.3665927  -253.30575095  697.62037784]
 [-302.6129572  -232.13913247  714.11511971]
 [-257.75617851 -289.38924725  547.20189577]
 [-351.79255134 -194.58655212  737.62281272]
 [-309.98395282 -241.62185898  624.53821146]
 [-310.06363621 -255.64083934  446.13435433]
 [-367.25602615  -35.5701756   651.2441128 ]
 [-292.65820082 -223.14848717  777.82234758]
 [-277.19675324 -292.8582222   577.39055515]
 [-348.68893036 -216.60085521  506.2827354 ]
 [-366.22343024 -203.10342902  571.11041722]
 [-350.61290142 -218.18203415  737.11260575]
 [-382.91512582 -175.94170543  609.95658565]
 [-301.40024605 -119.03124236  945.27274551]
 [-402.20010508 -151.70634275  724.44106505]
 [-254.78113775 -200.89984914  548.05930138]
 [-370.82523841 -221.72671078  671.02681504]
 [-393.11888196 -152.85402199  633.57404816]
 [-304.12814334 -267.82868365  529.09996856]
 [-345.03647378 -215.40103685  781.07136985]
 [-320.8706018  -138.46251442  571.30871103]
 [-338.96338527 -209.58714169  661.11309721]
 [-288.08324531 -208.23983294  874.96206414]
 [-374.41765459 -192.65356815  817.17898126]
 [-363.27409474 -172.69393221  486.49310077]
 [-329.12934833 -240.0988486   854.03628267]
 [-313.91434141 -205.90638212  638.54146076]
 [-258.09931789 -259.41277783  864.67573827]
 [-353.55700602 -175.29569913  638.73307893]]
................................................................................................
Parameters with LM and RD ....................................................................
k1 and K2 for radial distortions:
 [-9.87580931e-13  1.87546594e-23]
Intrinsic Camera parameters with LM and RD:
 [[712.48348269   1.48365754 360.99544689]
 [  0.         706.36319507 192.59510103]
 [  0.           0.           1.        ]]
Rotation matrix with LM and RD:
 [[[ 9.99999115e-01 -1.33010182e-03 -6.20054392e-14]
  [ 1.33010182e-03  9.99999115e-01 -1.13399308e-13]
  [ 6.21562169e-14  1.13316734e-13  1.00000000e+00]]

 [[ 9.85257836e-01  6.60520668e-02  1.57810396e-01]
  [-1.20431135e-01  9.22955156e-01  3.65581895e-01]
  [-1.21504479e-01 -3.79197712e-01  9.17303525e-01]]

 [[ 9.86521922e-01  8.75878797e-03 -1.63394557e-01]
  [-4.61206866e-03  9.99658015e-01  2.57406724e-02]
  [ 1.63564136e-01 -2.46401507e-02  9.86224942e-01]]

 [[ 9.32116874e-01 -3.02422697e-01 -1.99245192e-01]
  [ 2.96726604e-01  9.53163264e-01 -5.85927822e-02]
  [ 2.07632985e-01 -4.50602821e-03  9.78196422e-01]]

 [[ 8.96747812e-01  1.14823822e-01  4.27386068e-01]
  [-1.11970313e-01  9.93199380e-01 -3.19004681e-02]
  [-4.28142512e-01 -1.92478770e-02  9.03506231e-01]]

 [[ 9.37248850e-01 -1.26494036e-01 -3.24905913e-01]
  [ 1.22957187e-01  9.91912421e-01 -3.14845727e-02]
  [ 3.26260822e-01 -1.04406376e-02  9.45222127e-01]]

 [[ 9.94334460e-01  9.43513446e-02  4.89571832e-02]
  [-9.33858603e-02  9.95394525e-01 -2.16522461e-02]
  [-5.07746306e-02  1.69576658e-02  9.98566159e-01]]

 [[ 9.07878789e-01 -4.90182614e-02  4.16357196e-01]
  [-2.09718181e-01  8.06843896e-01  5.52287256e-01]
  [-3.63007423e-01 -5.88727559e-01  7.22236438e-01]]

 [[ 8.20896667e-01 -1.67672570e-01  5.45907108e-01]
  [ 1.19784408e-01  9.85215810e-01  1.22480628e-01]
  [-5.58372955e-01 -3.51527802e-02  8.28844934e-01]]

 [[ 8.96468186e-01  2.83487383e-02 -4.42200339e-01]
  [-3.60811426e-02  9.99307586e-01 -9.08295842e-03]
  [ 4.41636663e-01  2.40976768e-02  8.96870314e-01]]

 [[ 9.83124918e-01  1.45703672e-01 -1.10615714e-01]
  [-1.42199337e-01  9.89070342e-01  3.89770030e-02]
  [ 1.15085814e-01 -2.25897816e-02  9.93098664e-01]]

 [[ 9.87878762e-01 -1.49024288e-01 -4.34432286e-02]
  [ 1.48403207e-01  9.88777259e-01 -1.72052180e-02]
  [ 4.55196719e-02  1.05495550e-02  9.98907737e-01]]

 [[ 9.73470026e-01 -1.58667496e-01 -1.64865807e-01]
  [ 1.59542327e-01  9.87158605e-01 -8.00839410e-03]
  [ 1.64019372e-01 -1.85071429e-02  9.86283494e-01]]

 [[ 9.45384080e-01 -2.54902832e-01 -2.03158775e-01]
  [ 2.48318370e-01  9.66957942e-01 -5.77089740e-02]
  [ 2.11156172e-01  4.10908939e-03  9.77443700e-01]]

 [[ 9.80892069e-01  7.03406515e-03  1.94425491e-01]
  [-1.30225258e-02  9.99478771e-01  2.95398173e-02]
  [-1.94116365e-01 -3.15072835e-02  9.80472400e-01]]

 [[ 7.10899318e-01  2.15286755e-01 -6.69532503e-01]
  [ 1.68851811e-01  8.71904327e-01  4.59643243e-01]
  [ 6.82723388e-01 -4.39811844e-01  5.83484633e-01]]

 [[ 9.14816749e-01 -1.16495621e-01 -3.86702840e-01]
  [ 9.75716135e-02  9.92883077e-01 -6.82859848e-02]
  [ 3.91905724e-01  2.47379426e-02  9.19672734e-01]]

 [[ 8.05151407e-01  4.36061109e-01 -4.01972538e-01]
  [-3.98720101e-01  8.99748242e-01  1.77413028e-01]
  [ 4.39037007e-01  1.74301817e-02  8.98299892e-01]]

 [[ 9.12028009e-01 -1.50983598e-02  4.09849913e-01]
  [ 6.47604916e-02  9.92086881e-01 -1.07562540e-01]
  [-4.04982704e-01  1.24642131e-01  9.05788799e-01]]

 [[ 9.66770346e-01 -2.43860594e-01 -7.67274910e-02]
  [ 2.41081410e-01  9.69518217e-01 -4.37513395e-02]
  [ 8.50579280e-02  2.37999259e-02  9.96091719e-01]]

 [[ 9.96264818e-01 -1.63067850e-03 -8.63351278e-02]
  [ 9.91227964e-04  9.99971765e-01 -7.44895994e-03]
  [ 8.63448370e-02  7.33555893e-03  9.96238304e-01]]

 [[ 9.99791991e-01  1.91196679e-02 -7.10023223e-03]
  [-1.90398855e-02  9.99756672e-01  1.11391394e-02]
  [ 7.31148119e-03 -1.10016348e-02  9.99912749e-01]]

 [[ 8.87374044e-01 -1.25354186e-03  4.61048516e-01]
  [-1.39573551e-02  9.99464936e-01  2.95809775e-02]
  [-4.60838906e-01 -3.26844095e-02  8.86881746e-01]]

 [[ 9.92240710e-01  1.19858581e-01  3.30498810e-02]
  [-1.19937731e-01  9.92781329e-01  4.15668302e-04]
  [-3.27614834e-02 -4.37637074e-03  9.99453617e-01]]

 [[ 9.07878789e-01 -4.90182620e-02  4.16357195e-01]
  [-2.09718180e-01  8.06843896e-01  5.52287256e-01]
  [-3.63007423e-01 -5.88727558e-01  7.22236438e-01]]

 [[ 9.28823946e-01  1.84505575e-01  3.21315685e-01]
  [-1.94253724e-01  9.80949753e-01 -1.75275640e-03]
  [-3.15517936e-01 -6.07887663e-02  9.46970516e-01]]

 [[ 8.02984257e-01 -3.52153195e-02 -5.94958960e-01]
  [ 2.37944579e-02  9.99351202e-01 -2.70369855e-02]
  [ 5.95525068e-01  7.55354781e-03  8.03301212e-01]]

 [[ 9.98674161e-01  1.64623626e-02 -4.87740855e-02]
  [ 5.78287608e-03  9.05610301e-01  4.24071387e-01]
  [ 5.11515312e-02 -4.23791191e-01  9.04314407e-01]]

 [[ 9.85028847e-01  1.60787776e-01  6.21728380e-02]
  [-1.61451116e-01  9.86863878e-01  5.76390245e-03]
  [-6.04293630e-02 -1.57154843e-02  9.98048754e-01]]

 [[ 9.67012743e-01 -1.59126123e-01 -1.98910109e-01]
  [ 1.57011132e-01  9.87242160e-01 -2.64654833e-02]
  [ 2.00583795e-01 -5.63864167e-03  9.79660322e-01]]

 [[ 8.31347010e-01  1.15440734e-02  5.55633767e-01]
  [-2.86527685e-02  9.99344916e-01  2.21078759e-02]
  [-5.55014566e-01 -3.42997622e-02  8.31133177e-01]]

 [[ 8.54759623e-01  1.69010547e-01 -4.90735593e-01]
  [-1.79979167e-01  9.83348062e-01  2.51811137e-02]
  [ 4.86819768e-01  6.67983840e-02  8.70944596e-01]]

 [[ 8.58083962e-01  2.47873684e-01 -4.49722749e-01]
  [-5.92145060e-04  8.76259925e-01  4.81838347e-01]
  [ 5.13509069e-01 -4.13191457e-01  7.52051365e-01]]

 [[ 8.50478961e-01 -6.16049936e-03  5.25972989e-01]
  [ 6.74770460e-03  9.99976913e-01  8.01517092e-04]
  [-5.25965784e-01  2.86743693e-03  8.50500895e-01]]

 [[ 9.98175885e-01  5.82030829e-02 -1.60406816e-02]
  [-3.86028016e-02  8.19582035e-01  5.71659961e-01]
  [ 4.64190266e-02 -5.69997972e-01  8.20333826e-01]]

 [[ 8.51878618e-01  1.92284051e-01 -4.87164925e-01]
  [-1.88903163e-01  9.80361812e-01  5.66243051e-02]
  [ 4.88485840e-01  4.37899607e-02  8.71472331e-01]]

 [[ 9.52755874e-01 -9.20243649e-02  2.89461154e-01]
  [ 8.34198686e-02  9.95631024e-01  4.19522363e-02]
  [-2.92057133e-01 -1.58234281e-02  9.56269967e-01]]

 [[ 9.26209853e-01 -7.14037631e-02 -3.70184832e-01]
  [ 7.23068822e-02  9.97316638e-01 -1.14559371e-02]
  [ 3.70009489e-01 -1.61563092e-02  9.28887481e-01]]

 [[ 8.20814822e-01 -1.76135607e-01  5.43359250e-01]
  [ 1.49270741e-01  9.84356598e-01  9.35966588e-02]
  [-5.51344967e-01  4.28211315e-03  8.34266379e-01]]

 [[ 9.78702939e-01  9.23753402e-02 -1.83323087e-01]
  [-9.15717097e-02  9.95715406e-01  1.28627991e-02]
  [ 1.83725828e-01  4.19834918e-03  9.82968562e-01]]]
Translation matrix with LM and RD:
 [[-360.6166063  -192.79742427  707.82763778]
 [-382.79937929 -172.00880542  686.35675322]
 [-335.18498494 -176.0496001   730.05462326]
 [-259.17876434 -301.62852811  592.8041751 ]
 [-388.18165091 -178.21853895  721.34202069]
 [-309.20752374 -259.33393813  497.88782817]
 [-379.1158905  -197.63462276  547.9947977 ]
 [-305.48869063 -113.75228448  944.90999978]
 [-328.75696    -270.68954451  794.312064  ]
 [-300.83248826 -211.50514179  458.95067295]
 [-391.3477374  -132.39102859  841.56512662]
 [-306.47864419 -249.39704519  698.41783223]
 [-305.80596358 -228.18905439  715.02971728]
 [-260.18650239 -286.33968169  547.72198236]
 [-354.9038675  -190.414879    737.92856807]
 [-312.75756634 -238.13868916  624.9495433 ]
 [-311.78176729 -253.07264714  445.06765499]
 [-370.19131426  -32.00744312  650.49536117]
 [-295.87778424 -218.92385488  777.79862159]
 [-279.74391125 -289.62367971  577.64789281]
 [-350.89524729 -213.85719796  505.82692534]
 [-368.73854005 -199.93272349  570.84109917]
 [-353.82667125 -213.99570459  736.705267  ]
 [-385.59265216 -172.52751373  609.55757611]
 [-305.48869053 -113.75228487  944.90999981]
 [-405.37301319 -147.63434212  723.47449637]
 [-257.21682554 -197.86590331  548.50687348]
 [-373.80787703 -217.94332379  670.35098965]
 [-395.88274488 -149.28671792  633.29894191]
 [-306.37048967 -264.88837162  528.71517016]
 [-348.46539395 -210.98329415  780.68866097]
 [-323.44759093 -135.30009246  571.22232684]
 [-341.88557028 -205.90121025  661.06234977]
 [-291.80091712 -203.45406163  874.93539812]
 [-378.03321012 -188.09860096  816.85849514]
 [-365.37645074 -169.89800523  485.67349079]
 [-332.86690138 -235.37142674  854.20648974]
 [-316.68969101 -202.3852412   638.64936272]
 [-261.8170512  -254.63243031  865.15909085]
 [-356.48482242 -171.73846124  639.10685851]]
................................................................................................
Projecting the corners from GT to images ........
................................................................................................
Re-Projecting the corners from images to GT ........
................................................................................................
