Processing and Filtering corners for the Base images .....................................
Array of Image Paths:
 ['hw8images/Dataset2/Pic_11.jpg' 'hw8images/Dataset2/Pic_19.jpg'
 'hw8images/Dataset2/Pic_14.jpg' 'hw8images/Dataset2/Pic_8.jpg'
 'hw8images/Dataset2/Pic_18.jpg' 'hw8images/Dataset2/Pic_6.jpg'
 'hw8images/Dataset2/Pic_5.jpg' 'hw8images/Dataset2/Pic_10.jpg'
 'hw8images/Dataset2/Pic_4.jpg' 'hw8images/Dataset2/Pic_13.jpg'
 'hw8images/Dataset2/Pic_16.jpg' 'hw8images/Dataset2/Pic_9.jpg'
 'hw8images/Dataset2/Pic_15.jpg' 'hw8images/Dataset2/Pic_2.jpg'
 'hw8images/Dataset2/Pic_20.jpg' 'hw8images/Dataset2/Pic_3.jpg'
 'hw8images/Dataset2/Pic_12.jpg' 'hw8images/Dataset2/Pic_7.jpg'
 'hw8images/Dataset2/Pic_17.jpg' 'hw8images/Dataset2/Pic_1.jpg']
Base Image Index:  0
................................................................................................
Processing Corners to Project from GT to Img.............
Values of corner projection (max, mean, var) error without LM and RD:  11.467785008324013 2.615037297770558 2.4957666099438347
................................................................................................
Values of corner projection (max, mean, var) error with LM and without RD:  6.084578519427955 1.3764507519028557 0.7804381548438082
................................................................................................
Values of corner projection (max, mean, var) error with LM and RD:  6.052263728811392 1.3762149257971743 0.7788842325245188
................................................................................................
Parameters before LM and RD ....................................................................
Intrinsic Camera parameters before LM and RD:
 [[640.16384962   1.52901989 295.48097789]
 [  0.         645.37485307 436.18212815]
 [  0.           0.           1.        ]]
Rotation matrix before LM and RD:
 [[[ 9.99999293e-01 -1.18939928e-03 -7.44733930e-14]
  [ 1.18939928e-03  9.99999293e-01 -4.33676256e-14]
  [ 7.45249218e-14  4.32790163e-14  1.00000000e+00]]

 [[ 8.31413244e-01  3.76998762e-01  4.08195972e-01]
  [-4.08621779e-01  9.12642124e-01 -1.06110605e-02]
  [-3.76537196e-01 -1.57975588e-01  9.12832654e-01]]

 [[ 9.16362271e-01  2.73447037e-01  2.92415641e-01]
  [-2.38404400e-01  9.59489365e-01 -1.50144931e-01]
  [-3.21626384e-01  6.78739742e-02  9.44430830e-01]]

 [[ 9.33174888e-01 -2.05355313e-01  2.94981057e-01]
  [ 2.42467838e-01  9.65507046e-01 -9.48972676e-02]
  [-2.65318631e-01  1.60079166e-01  9.50778988e-01]]

 [[ 8.31413244e-01  3.76998762e-01  4.08195972e-01]
  [-4.08621779e-01  9.12642124e-01 -1.06110605e-02]
  [-3.76537196e-01 -1.57975588e-01  9.12832654e-01]]

 [[ 9.67290016e-01  3.66468104e-02 -2.51012025e-01]
  [ 1.28672425e-03  9.88788412e-01  1.49317854e-01]
  [ 2.53669805e-01 -1.44756653e-01  9.56398004e-01]]

 [[ 9.91312690e-01  3.40588442e-02  1.27039937e-01]
  [-3.62513803e-02  9.99230332e-01  1.49860200e-02]
  [-1.26431752e-01 -1.94612048e-02  9.91784389e-01]]

 [[ 9.99240745e-01 -3.71378522e-02 -1.17776996e-02]
  [ 3.89584352e-02  9.55677332e-01  2.91827136e-01]
  [ 4.17847477e-04 -2.92064405e-01  9.56398562e-01]]

 [[ 9.86002165e-01  8.47081238e-03  1.66517195e-01]
  [-2.44836174e-02  9.95238246e-01  9.43471531e-02]
  [-1.64925084e-01 -9.71034405e-02  9.81514462e-01]]

 [[ 9.97633454e-01 -1.15772527e-03  6.87470079e-02]
  [-2.23019336e-02  9.40351005e-01  3.39474020e-01]
  [-6.50393356e-02 -3.40203831e-01  9.38099802e-01]]

 [[ 8.99620461e-01 -1.32491171e-01 -4.16087869e-01]
  [ 1.59637279e-01  9.86689892e-01  3.09676492e-02]
  [ 4.06446755e-01 -9.42822662e-02  9.08796946e-01]]

 [[ 9.90126007e-01  7.77347876e-02  1.16652443e-01]
  [-3.26609338e-02  9.37184996e-01 -3.47300370e-01]
  [-1.36322240e-01  3.40061151e-01  9.30470129e-01]]

 [[ 9.27179641e-01  1.70301953e-01  3.33669234e-01]
  [-2.40584688e-01  9.53431657e-01  1.81898555e-01]
  [-2.87153132e-01 -2.48928345e-01  9.24974463e-01]]

 [[ 9.49932300e-01 -1.48646004e-02  3.12102017e-01]
  [ 2.31036156e-03  9.99174591e-01  4.05561108e-02]
  [-3.12447255e-01 -3.78044911e-02  9.49182560e-01]]

 [[ 9.93034489e-01 -2.60575458e-02  1.14906519e-01]
  [ 6.12401526e-03  9.85334897e-01  1.70521664e-01]
  [-1.17664780e-01 -1.68630204e-01  9.78631112e-01]]

 [[ 9.32086694e-01  1.61337818e-01  3.24321605e-01]
  [-2.05755694e-01  9.72685573e-01  1.07458695e-01]
  [-2.98125795e-01 -1.66891837e-01  9.39823454e-01]]

 [[ 9.33151917e-01  1.09536322e-01 -3.42387638e-01]
  [-5.91407962e-02  9.86246911e-01  1.54335339e-01]
  [ 3.54584076e-01 -1.23769240e-01  9.26796260e-01]]

 [[ 9.90000523e-01  1.10613136e-02 -1.40629343e-01]
  [ 3.17777069e-03  9.94919148e-01  1.00626989e-01]
  [ 1.41027893e-01 -1.00067660e-01  9.84935326e-01]]

 [[ 8.84658130e-01 -2.27778493e-01 -4.06813165e-01]
  [ 3.15569153e-01  9.34829506e-01  1.62818625e-01]
  [ 3.43214369e-01 -2.72416506e-01  8.98884389e-01]]

 [[ 9.63755439e-01  2.96494593e-02  2.65134615e-01]
  [-3.43148499e-02  9.99326770e-01  1.29806695e-02]
  [-2.64571248e-01 -2.16082454e-02  9.64124026e-01]]]
Translation matrix before LM and RD:
 [[-294.44757669 -432.66022678  640.16384962]
 [-402.72128449 -300.91333419  864.81495658]
 [-381.30837143 -311.66868047  800.19729369]
 [-177.18479744 -494.40917848  709.93916191]
 [-402.72128449 -300.91333419  864.81495658]
 [-258.21649855 -434.14097879  695.16327221]
 [-286.33489507 -438.09497167  745.00561646]
 [-292.44407454 -455.5083217   703.02969197]
 [-262.99062576 -412.64491357  811.51051113]
 [-299.22635106 -409.86010546  693.3225967 ]
 [-179.73149854 -515.35474162  619.79313769]
 [-315.43238828 -396.60981129  573.86347109]
 [-373.42648282 -357.25672934  745.61466202]
 [-323.28607349 -458.99775081  704.40439974]
 [-308.75838666 -446.30508333  803.37956093]
 [-403.39865797 -393.54382302  762.26705943]
 [-301.91998943 -354.20224652  461.8147368 ]
 [-329.34696331 -426.6528109   694.89192443]
 [-130.48762834 -451.47161544  651.60517038]
 [-311.28354398 -461.30681465  770.97003066]]
................................................................................................
Parameters with LM and without RD ....................................................................
Intrinsic Camera parameters with LM and without RD:
 [[6.44029495e+02 5.71832183e-01 2.96369726e+02]
 [0.00000000e+00 6.48499325e+02 4.34634322e+02]
 [0.00000000e+00 0.00000000e+00 1.00000000e+00]]
Rotation matrix before with LM and without RD:
 [[[ 9.99999850e-01 -5.48462858e-04 -7.44872906e-14]
  [ 5.48462858e-04  9.99999850e-01 -4.33437590e-14]
  [ 7.45110518e-14  4.33028990e-14  1.00000000e+00]]

 [[ 8.28559185e-01  3.78665954e-01  4.12433961e-01]
  [-4.08045905e-01  9.12777974e-01 -1.83005309e-02]
  [-3.83390423e-01 -1.53128916e-01  9.10803666e-01]]

 [[ 9.14926607e-01  2.76223809e-01  2.94295280e-01]
  [-2.37206572e-01  9.57915779e-01 -1.61649011e-01]
  [-3.26561398e-01  7.80882067e-02  9.41944736e-01]]

 [[ 9.33989512e-01 -2.04441935e-01  2.93030864e-01]
  [ 2.41513589e-01  9.65628635e-01 -9.60860301e-02]
  [-2.63314979e-01  1.60514280e-01  9.51262523e-01]]

 [[ 8.28559185e-01  3.78665954e-01  4.12433961e-01]
  [-4.08045905e-01  9.12777974e-01 -1.83005313e-02]
  [-3.83390424e-01 -1.53128915e-01  9.10803666e-01]]

 [[ 9.62956986e-01  4.17362860e-02 -2.66405566e-01]
  [ 3.28735700e-03  9.86059099e-01  1.66362995e-01]
  [ 2.69635006e-01 -1.61076179e-01  9.49395296e-01]]

 [[ 9.91937739e-01  3.57649899e-02  1.21574620e-01]
  [-3.77540337e-02  9.99187638e-01  1.40959935e-02]
  [-1.20971715e-01 -1.85722802e-02  9.92482199e-01]]

 [[ 9.99268629e-01 -3.76890352e-02 -6.46086754e-03]
  [ 3.79259961e-02  9.55277543e-01  2.93268536e-01]
  [-4.88108651e-03 -2.93299083e-01  9.56008276e-01]]

 [[ 9.85823185e-01  1.02888941e-02  1.67471748e-01]
  [-2.53664013e-02  9.95784901e-01  8.81417990e-02]
  [-1.65858956e-01 -9.11403846e-02  9.81928835e-01]]

 [[ 9.97466586e-01 -6.87496096e-04  7.11332399e-02]
  [-2.33555514e-02  9.41357471e-01  3.36601591e-01]
  [-6.71932190e-02 -3.37410195e-01  9.38956565e-01]]

 [[ 8.95641690e-01 -1.31034481e-01 -4.25036383e-01]
  [ 1.58516222e-01  9.86907363e-01  2.97735522e-02]
  [ 4.15570174e-01 -9.40415964e-02  9.04686470e-01]]

 [[ 9.89894606e-01  7.78906951e-02  1.18497718e-01]
  [-3.28136489e-02  9.38776858e-01 -3.42959583e-01]
  [-1.37956276e-01  3.35605498e-01  9.31846026e-01]]

 [[ 9.27863446e-01  1.74755765e-01  3.29438687e-01]
  [-2.40695304e-01  9.55398553e-01  1.71112172e-01]
  [-2.84842406e-01 -2.38063075e-01  9.28542286e-01]]

 [[ 9.51635124e-01 -1.42137499e-02  3.06901546e-01]
  [-1.77256967e-05  9.98926700e-01  4.63189673e-02]
  [-3.07230515e-01 -4.40841963e-02  9.50613483e-01]]

 [[ 9.92186114e-01 -2.69978563e-02  1.21810636e-01]
  [ 4.64784556e-03  9.83627970e-01  1.80151089e-01]
  [-1.24680042e-01 -1.78177252e-01  9.76067495e-01]]

 [[ 9.30922886e-01  1.61139660e-01  3.27744702e-01]
  [-2.07728350e-01  9.71722316e-01  1.12270532e-01]
  [-3.00385606e-01 -1.72597074e-01  9.38071819e-01]]

 [[ 9.31502660e-01  1.10465951e-01 -3.46554568e-01]
  [-5.93499191e-02  9.86158927e-01  1.54816530e-01]
  [ 3.58859836e-01 -1.23644024e-01  9.25165809e-01]]

 [[ 9.90761524e-01  1.04296156e-02 -1.35214001e-01]
  [ 2.93644837e-03  9.95154784e-01  9.82768193e-02]
  [ 1.35583849e-01 -9.77659402e-02  9.85930444e-01]]

 [[ 8.80373172e-01 -2.23186414e-01 -4.18486443e-01]
  [ 3.16841278e-01  9.33341949e-01  1.68773252e-01]
  [ 3.52923055e-01 -2.81177222e-01  8.92403881e-01]]

 [[ 9.63041426e-01  2.99475181e-02  2.67683317e-01]
  [-3.52569562e-02  9.99264965e-01  1.50491402e-02]
  [-2.67035876e-01 -2.39306444e-02  9.63389415e-01]]]
Translation matrix before with LM and without RD:
 [[-296.07497306 -434.60495784  646.7407195 ]
 [-402.68497224 -296.75553023  865.50349829]
 [-381.13742224 -307.88347388  799.93714219]
 [-178.93131011 -493.82413072  713.43180439]
 [-402.68497221 -296.7555302   865.50349835]
 [-257.05525636 -431.17000974  698.90660565]
 [-287.54826353 -436.67383989  747.97330642]
 [-294.54079369 -454.86614823  708.91096821]
 [-264.58703433 -408.81980479  811.80546816]
 [-301.0659144  -407.38148291  694.798136  ]
 [-180.44815212 -511.09552914  617.53893428]
 [-316.88786425 -394.11901962  577.55732812]
 [-373.55661495 -351.99669056  740.99702084]
 [-325.51602278 -461.1748023   711.57280738]
 [-310.99256118 -447.501665    814.82459907]
 [-405.40146176 -393.34111446  769.34727572]
 [-303.03351559 -353.36237179  463.15824932]
 [-332.13417739 -426.81070526  700.47327911]
 [-130.67457064 -448.41226615  653.85367575]
 [-312.9282723  -460.4231624   776.40606592]]
................................................................................................
Parameters with LM and RD ....................................................................
k1 and K2 for radial distortions:
 [-1.50798544e-13  5.39873271e-24]
Intrinsic Camera parameters with LM and RD:
 [[6.43993057e+02 5.27196171e-01 2.96231790e+02]
 [0.00000000e+00 6.48527336e+02 4.35221228e+02]
 [0.00000000e+00 0.00000000e+00 1.00000000e+00]]
Rotation matrix with LM and RD:
 [[[ 9.99999870e-01 -5.09268396e-04 -7.44881401e-14]
  [ 5.09268396e-04  9.99999870e-01 -4.33422994e-14]
  [ 7.45102033e-14  4.33043593e-14  1.00000000e+00]]

 [[ 8.28447211e-01  3.78735428e-01  4.12595073e-01]
  [-4.07661399e-01  9.12925671e-01 -1.94654431e-02]
  [-3.84040887e-01 -1.52072993e-01  9.10706540e-01]]

 [[ 9.14834092e-01  2.76294352e-01  2.94516580e-01]
  [-2.36949054e-01  9.57827312e-01 -1.62548415e-01]
  [-3.27007233e-01  7.89194061e-02  9.41720764e-01]]

 [[ 9.33880348e-01 -2.04297383e-01  2.93479260e-01]
  [ 2.41770962e-01  9.65445527e-01 -9.72714589e-02]
  [-2.63465934e-01  1.61794667e-01  9.51003779e-01]]

 [[ 8.28447210e-01  3.78735429e-01  4.12595074e-01]
  [-4.07661397e-01  9.12925671e-01 -1.94654497e-02]
  [-3.84040890e-01 -1.52072987e-01  9.10706540e-01]]

 [[ 9.63029793e-01  4.17624898e-02 -2.66138144e-01]
  [ 3.01393972e-03  9.86178732e-01  1.65657551e-01]
  [ 2.69378049e-01 -1.60335281e-01  9.49593631e-01]]

 [[ 9.91887107e-01  3.58289371e-02  1.21968254e-01]
  [-3.76653996e-02  9.99208630e-01  1.27839907e-02]
  [-1.21413695e-01 -1.72742585e-02  9.92451669e-01]]

 [[ 9.99268501e-01 -3.76862760e-02 -6.49668857e-03]
  [ 3.79389017e-02  9.55582841e-01  2.92270550e-01]
  [-4.80646448e-03 -2.92303231e-01  9.56313609e-01]]

 [[ 9.85735875e-01  1.02937912e-02  1.67984593e-01]
  [-2.52985517e-02  9.95849516e-01  8.74283926e-02]
  [-1.66387406e-01 -9.04310699e-02  9.81905012e-01]]

 [[ 9.97461835e-01 -7.04906194e-04  7.11996542e-02]
  [-2.33098598e-02  9.41616775e-01  3.35878697e-01]
  [-6.72795518e-02 -3.36685835e-01  9.39210365e-01]]

 [[ 8.95700296e-01 -1.31042795e-01 -4.24910302e-01]
  [ 1.58045288e-01  9.87012953e-01  2.87596587e-02]
  [ 4.15623226e-01 -9.29151060e-02  9.04778491e-01]]

 [[ 9.89854274e-01  7.80232955e-02  1.18747136e-01]
  [-3.26750312e-02  9.38339734e-01 -3.44166945e-01]
  [-1.38278196e-01  3.36795055e-01  9.31369009e-01]]

 [[ 9.27914700e-01  1.74801093e-01  3.29270233e-01]
  [-2.40427091e-01  9.55623589e-01  1.70230341e-01]
  [-2.84901952e-01 -2.37124720e-01  9.28764095e-01]]

 [[ 9.51743172e-01 -1.41410503e-02  3.06569675e-01]
  [ 3.02077644e-04  9.98980540e-01  4.51418874e-02]
  [-3.06895493e-01 -4.28708752e-02  9.50777179e-01]]

 [[ 9.92198212e-01 -2.69693251e-02  1.21718378e-01]
  [ 4.77222979e-03  9.83821912e-01  1.79085653e-01]
  [-1.24579026e-01 -1.77107597e-01  9.76275046e-01]]

 [[ 9.31033987e-01  1.61232556e-01  3.27383229e-01]
  [-2.07371842e-01  9.71936409e-01  1.11069957e-01]
  [-3.00287587e-01 -1.71299968e-01  9.38340922e-01]]

 [[ 9.31519100e-01  1.10581892e-01 -3.46473392e-01]
  [-5.95462815e-02  9.86172231e-01  1.54656299e-01]
  [ 3.58784624e-01 -1.23434094e-01  9.25223010e-01]]

 [[ 9.90700938e-01  1.04803899e-02 -1.35653281e-01]
  [ 2.82019466e-03  9.95232827e-01  9.74867505e-02]
  [ 1.36028297e-01 -9.69627839e-02  9.85948539e-01]]

 [[ 8.80495641e-01 -2.23100875e-01 -4.18274342e-01]
  [ 3.16581729e-01  9.33474828e-01  1.68525234e-01]
  [ 3.52850442e-01 -2.80803748e-01  8.92550178e-01]]

 [[ 9.63023257e-01  3.00520246e-02  2.67736964e-01]
  [-3.49529473e-02  9.99297008e-01  1.35565998e-02]
  [-2.67141343e-01 -2.24135168e-02  9.63396666e-01]]]
Translation matrix with LM and RD:
 [[-295.95410824 -435.19339814  646.42279745]
 [-402.53397797 -297.53745771  865.0891985 ]
 [-380.98064805 -308.57078211  799.59220095]
 [-178.80979697 -494.4388499   712.73684378]
 [-402.53397813 -297.53745823  865.0891977 ]
 [-256.93687612 -431.77243188  698.48998237]
 [-287.41229367 -437.32466469  747.38582501]
 [-294.41954661 -455.51222757  708.23008624]
 [-264.41178411 -409.50898342  811.47457707]
 [-300.94436024 -407.97279773  694.22765793]
 [-180.31830092 -511.62097612  616.84411504]
 [-316.79198192 -394.57453661  576.9373396 ]
 [-373.47341852 -352.66136744  740.4183864 ]
 [-325.45736291 -461.82627776  710.8061928 ]
 [-310.86014391 -448.24100297  814.1969634 ]
 [-405.3542169  -394.07750357  768.61408872]
 [-302.96982975 -353.77248741  462.74733097]
 [-331.98337295 -427.42830557  699.79032706]
 [-130.6050945  -448.96320276  653.47500525]
 [-312.82132514 -461.12980987  775.63797263]]
................................................................................................
Projecting the corners from GT to images ........
................................................................................................
Re-Projecting the corners from images to GT ........
................................................................................................
